ST.H:2.0
DS.H:2.5
DB.M:2.1000001
ST.M:3.7
OOP.H:3.9999998
DS.M:3.8999999
DS.M DB.H:2.3000002
DB.H:3.3999999
MIS.H:4.6
